0
1055777
1055783
1055774
1055781
1055765
1055792
1055791
1055804
1055783
1055775
1043796
1043809
1043812
1043782
1043797
1043802
1043794
1247736
1043775
1043834
1043792
1043801
1043758
1043801
1043785
1043806
1043771
1043775
1043802
1043809
1341751
1105764
1043775
1043789
1043771
1043785
1043775
1043780
1043757
1043782
1043797
1043807
1043804
1043789
1031787
1031791
1031805
1329739
1297727
1031784
1031804
1031780
1031791
1031808
1031748
1031823
1031799
1031785
1031792
1031786
1031798
1031808
1031800
1031770
1031814
1341759
1341732
1227756
1043786
1043801
1043773
1043829
1341715
1341751
1311735
1043791
1043787
1043796
1639651
1639684
1639656
1127752
1043799
1043785
1043801
1043804
1043795
1043804
1043787
1341747
1341739
1341729
1217751
1341766
1341746
1639685
1861601
1639696
1587691
1301752
1043791
1043793
1043795
1043811
1043801
1043796
1043760
1043791
1043785
1043801
1043785
1043788
1043810
1043793
1043808
1043791
1043795
1043774
1043789
1353688
1353704
1353710
1353744
1291754
1055788
1055819
1055785
1055811
1055800
1055797
1353760
1651690
1651691
1651642
1961600
1733665
1447722
1663677
1663695
1483703
1365691
1365733
1209756
1055802
1055786
1055793
1043797
1043765
1043794
1043772
1043789
1043775
1043805
1043797
1043785
1341724
1937592
1937587
1937615
1937608
1937626
1711666
1211760
1043788
1043771
1043784
1043786
1043790
1043801
1353711
1353752
1663688
1651679
1949631
1949601
1891621
1651638
1617671
1353735
1343709
1055782
1055803
1055783
1055769
1055799
1365741
1365725
1365718
1365708
1365746
1675633
1903604
1675677
1985583
1985617
1985625
1985611
1881631
1595679
0
0
0
0
0
0
0
0
0
0
