0
1187747
1187758
1187736
1187755
1187741
1187772
1187787
1271740
1187743
1187777
1187785
1187753
1331756
1187766
1187771
1187745
1187760
1187804
1187751
1187742
1187777
1187742
1187777
1187754
1475688
1187777
1187788
1187740
1187772
1187741
1187743
1187743
1187767
1187719
1187741
1187762
1187786
1187781
1187752
1187756
1187765
1187780
1187737
1187765
1485711
1347548
1187759
1485677
1383596
1187761
1187764
1187758
1187764
1187775
1187763
1187755
1187788
1187780
1187758
1187744
1187776
1187743
1187791
1187750
1187766
1187797
1187744
1187756
1187772
1187742
1187750
1187766
1485705
1485689
1315419
1187758
1187779
1187778
1187772
1187760
1187755
1187785
1187759
1187759
1187791
1187779
1187766
1187755
1187756
1187779
1485701
1485726
1485702
1187771
1187776
1485718
1485696
1485679
1223272
1187759
1187761
1187775
1187770
1187782
1187754
1187757
1187759
1187752
1187736
1187735
1187755
1187771
1187777
1187780
1187789
1187768
1187780
1187775
1187785
1187771
1187766
1187787
1187740
1187752
1187777
1187759
1187777
1187777
1187772
1187770
1485706
1485662
1187775
1187768
1187782
1187768
1187768
1187743
1187748
1187744
1187757
1187749
1187765
1187774
1187752
1485695
1485673
1485699
1485692
1455080
1187771
1187763
1187769
1187764
1187755
1485679
1485704
1485707
1485694
1485719
1206967
1187774
1187773
1485715
1783634
1783645
1783609
1783638
1302948
1187741
1187767
1187782
1187734
1485750
1485674
1485707
1485686
1485723
1422883
1187747
1187773
1187758
1187755
1187757
1187778
1187773
1187757
1187783
1187760
1187766
1187758
1187770
1187770
1187781
1187756
1187752
1187791
1187750
1187752
0
0
0
0
0
0
0
0
0
0
