0
1055768
1583609
1571609
1571637
1571641
1559666
1523675
1523679
1511658
1487689
1475680
1487662
1487656
1487677
1487660
1487663
1487682
1785586
1785583
1551637
1511651
1511671
1511695
1511649
1511649
1511660
1511641
1511666
1511658
1511648
1487658
1463648
1463621
1463691
1451670
1451673
1451675
1451662
1451647
1451668
1451676
1451662
1475649
1475646
1463685
1463642
1463676
1463667
1451686
1451704
1439669
1439638
1439692
1439679
1439686
1439673
1439683
1439672
1439669
1439672
1439673
1439683
1439704
1439654
1439689
1487664
1451661
1451680
1451649
1451679
1451662
1451676
1451688
1451662
1451660
1451666
1451712
1451678
2047545
2047581
1789589
1749596
1749592
1749633
1749607
1749600
1773637
1785602
1555433
1809566
1809591
1809561
1809621
1809576
1797576
2095548
2095508
2095566
2095528
2119491
2011277
1845574
1845567
1635356
1571624
1571645
1571647
1571651
1571655
1571609
1571649
1571584
1571634
1571637
1571653
1571653
1571643
1571598
1571652
1881568
1881597
1881591
1881612
1881589
1881579
1881567
1881542
1881587
1865444
1595639
1881593
1873523
1583620
1583612
1893569
1893550
1893595
2179524
2191517
2191487
2191526
2191525
2107375
1893573
1893522
1893568
1881557
1881583
1881603
1881570
1881578
1749235
1607627
1607600
1607625
1595648
1893568
1893542
1893589
1893532
1893602
1893561
1893602
1893529
1893591
1893559
1893573
1893531
1893557
1633426
1619611
1929546
1905550
1905569
1905565
1905547
1905557
1905552
1905550
1905568
1905539
1905556
1905569
1905610
1777359
1643586
1643615
1643619
1643632
1643626
1655611
1941544
1941514
2251498
2251518
2251498
2251521
2251511
2251529
0
0
0
0
0
0
0
0
0
0
