0
0
200000000.0
216990570.05286717
254358263.3567444
288214423.84786975
289530173.2749663
305689862.79114336
354484272.5099498
347868962.18296707
396474227.6849774
371041619.76431334
395682863.5120481
452387293.8108273
408325334.11819017
484719684.7880141
435330270.6683716
457858803.5358125
561754948.7948046
491117957.82411724
601363847.1310678
508454645.8999424
535389382.8853641
663510914.5524493
569305667.7038406
697026196.9981873
609442635.9088498
598176778.9618425
761918606.7742481
631131435.357727
789962016.1582057
680610400.2251822
787512704.746568
842162979.7067038
699683648.6010811
887829520.6843939
804671313.1186166
761498528.8159359
933615567.0293816
767577952.8228098
972638555.754876
806416154.0538975
827535258.4608543
1014971611.9310614
860525940.4907119
1301546541.9031193
875740525.1853392
884490041.6053061
1109017496.7257962
934558787.3754027
1153099525.280153
1411383521.5736392
1000010004.9234755
1475845122.4154596
981255239.8921014
1275821128.7518518
1040701857.286947
1035061457.0701594
1431948429.1672103
1052574725.306584
1369554966.4650788
1107184200.35592
1083340017.5670812
1436211659.4570017
1137658876.0264077
1468619980.558346
1210889820.6382482
1191316693.2006028
1488014093.3566647
1249288984.8405774
1548155747.8866336
1259897163.3106108
1294813982.9641833
1575106901.6585486
1274072837.9650254
1696436241.8231766
1386442392.2372203
1344301027.5755997
1759938799.3819609
1399284907.5629745
1776310958.4797776
1484183385.3492374
1446556336.8502948
1784269890.4128325
1432716942.8800802
1866991284.7394774
1528318787.631758
2276579737.361299
2144476434.6840289
1529817591.204398
2039078439.8610623
1604899393.8089547
1562193028.455145
2188732282.161052
1576852774.133498
2025871409.9903178
1618005452.2638433
1630089773.0336869
2115387877.5546837
1747882934.0935068
2373466976.7347255
1800613314.2325494
1740025370.2886748
2294972142.8349643
1776153776.8644629
2226442237.224712
1832783436.31758
1858658611.9782324
2300947251.014092
1845966706.5125957
2313875606.8121014
1792876689.9621377
1847662472.8335607
2357741113.0222526
1912714973.7006
2396358138.392793
1923943769.9288692
2084930161.7075918
2302817523.542383
1779932500.1028962
2460482546.79225
1914278099.9797642
1976968732.9653528
2533691562.421499
1917270972.4560986
2579449111.890795
2094218733.295661
2059256317.9511774
2601992820.7662425
1942019443.400701
2662122723.939666
2145906739.3122091
2140991238.628066
2645696601.4819613
2136931604.6888378
2786643358.512262
2198318291.396888
2163595044.2215867
2799022013.023194
2189328540.9940243
2890439979.099695
2165925756.169303
2239332246.393492
2798616858.630653
2526057559.023466
2755838737.4633727
2335076625.292454
2214578573.848386
2980531758.1935015
2422354614.4716763
2950551270.2389913
2398164885.819969
2409307834.759292
3125178654.2597303
2426383803.3379407
3239544718.985955
2555346534.576589
2538926130.409622
3212521456.1679144
2510539615.564932
3204526090.096344
2655705973.0056014
2587216940.457519
3392553931.3159833
2615966161.3213525
3484162669.21384
2669632719.672549
2622492887.9300246
3483237806.228959
2753771761.061629
3445538564.6766067
2831810152.968466
2931771740.0778832
3588247167.536037
2778467910.854668
3575442827.1859493
2887110123.650319
2868087458.900081
3644136689.4117794
2889292658.992826
3607421102.736341
3022346957.4958916
2968049571.5471826
3688212324.485545
2806862215.27031
4026170692.6771946
3100329130.39788
2988369592.734407
3904462138.1128273
3042201554.235418
3905672930.1423483
3128395006.3894625
3236400961.5521746
3952397004.062527
3056984041.883424
3977502465.8833222
3275806895.7270284
3216179965.909541
4018764058.504553
3230612545.5059485
0
0
0
0
0
0
0
0
0
0
