0
0
200000000.0
233330702.21247795
254190259.79108036
254195275.372112
285484725.8375163
280765817.80971056
301565360.0669434
310230895.09010756
330932790.3533736
326607442.81903005
353641778.70541036
363697130.12767684
395936493.38287884
399177576.85304
416893645.0533052
421712713.1615158
423369510.4195655
655519420.5151699
586392007.5403944
467768492.2439978
488084948.1791763
506301437.28364176
516650250.21581733
546745110.8028384
536474472.57928264
552357871.4790363
575372922.5391479
588823787.7943938
603098187.5530047
613398886.5132624
591945863.901515
612247002.0114126
631046766.8884226
628598590.8227898
630577541.7278031
654527431.4532267
673509497.6492672
687588777.5529014
714040190.2115321
742001339.1491718
732248173.8349329
773422532.2423539
768172241.5018748
764147227.7226381
807305465.3152831
814563124.0426279
807354086.5601404
828698877.545234
863547833.3468808
869291604.9001725
851830594.3935724
919526505.9688616
891541871.4558392
898126874.1156883
892476345.5364573
914147240.3802809
938946073.5453569
926481170.7111064
925858235.469403
960687920.5819104
967690440.8153796
1023329649.6520414
1049745850.5359435
1033355931.3557285
1044003739.6965594
1029901442.7989116
1083367673.3066466
1093057147.580734
1076882565.9646375
1104743610.6742606
1100119655.9529698
1147030397.9675906
1165304459.3604136
1185409069.0532644
1151906438.1466734
1160630888.923485
1162828302.0323591
1191602889.897071
2695809322.872025
2296361120.756639
2297368166.6572604
2350675870.315204
2308882585.1970057
2234275702.390158
2127229314.926152
1968406721.5363512
1729896421.8721192
1560442584.6297214
1423859465.4993176
2666107398.1275067
2681917737.212442
2688114189.0215364
2591243580.8381977
2603922907.9077086
2536961663.9296474
3375995252.793064
3248896162.648866
3146346667.2011285
2895283909.353633
2516681505.134959
2417960529.554109
2143987128.1238248
1902194881.031141
1843153111.616064
1829381455.1063104
1883799776.6671226
1905921049.7013643
1915654429.6411862
1870237997.524902
1863214514.5516474
1890405809.4396396
2003715041.6395178
1962646837.6225
1996947577.5894816
1923776049.802342
1966512900.7484477
2019070170.5158234
2096441329.143967
2086016370.036115
3650539815.7281585
3408760962.0976224
3306652242.703117
3126521673.968916
3002177414.9402447
2748608163.6752963
2538076348.065203
2322255841.2195954
2159755886.9188614
1971154052.3328495
2238437892.280146
2576743907.9545894
2129567131.0146713
2199173349.667218
2275494818.175159
4104618315.9948225
4091356235.642048
4057640783.800126
4690008827.615571
4443724734.966692
4232789288.734088
3930005895.435418
3495969427.6816373
3325213879.826799
3389671166.625211
3319378491.509473
3250127484.1991415
3142032582.5898447
2905266682.36267
2699782100.687552
2522402302.3326263
2440382221.730909
2560997064.4310226
2619412587.621382
2705181575.0186615
2651386361.869217
2570346342.050377
4752761242.268564
4806499935.042371
4756309526.512881
4601910081.266121
4462042076.423662
4451816181.258486
4345182461.784472
4193838700.1202517
4094802626.3327193
3804418505.0479016
3411951216.034449
2957552054.8646946
2929294761.1294513
2931418503.1951246
2962593857.41391
5084929667.393263
4944831518.459237
4827805133.269905
4781240367.030251
4762923926.830459
4771789088.439758
4692814103.209989
4561398913.699457
4457329887.991402
4177606441.012228
3888589629.4834685
3480502569.0489297
3087609007.0895934
3438631925.2328877
3291947363.873871
3360183132.9112964
3382153406.598488
3403413172.7783346
3439931286.071162
3424801115.721024
5923303772.667526
5912283249.052029
7523627158.451839
7150670614.225602
6774605396.051873
6462251828.874792
6061697366.790568
0
0
0
0
0
0
0
0
0
0
