0
0
200000000.0
246233239.05993092
264225401.32057437
272224843.8324931
287152771.2206498
298555892.24069
308485687.9855851
325578676.10938925
312225123.44496477
322203651.4165896
329069814.2902643
339398184.16978765
435895821.67594755
365018080.5934425
363533472.0579344
371672605.97871983
370468102.8199205
394733937.5382213
384873578.69033206
401518632.07407224
406340782.4417557
408986306.9829815
417406243.3921412
432320293.80734974
474510163.641434
451641223.54636127
448557769.6733988
457108743.45436805
464837300.07033044
481110771.6731602
477765189.6591869
480028851.1033111
495771573.05504626
495403098.77356696
527876465.17099273
507692950.23842376
494186853.48403615
560128032.8372967
554702472.8210173
553106490.2705017
564915325.2956945
575293162.7009362
562619559.7397156
608190403.6329318
727503324.9705287
602318482.7662679
570039006.6256086
612967311.5358958
599041779.2638873
596841683.472888
645025825.410134
656660012.3149267
677569276.3865352
654941036.5958111
626914203.3624183
694410582.968407
666970034.9984981
653574501.191182
694103154.1564628
705374015.3372966
683667585.457277
725196715.1357341
723427968.1451232
691482899.8035396
736338272.4107828
726465043.8106729
742607829.4634001
778525225.5670692
719231147.7134297
799617731.1235356
807818273.2026254
752812872.2344809
986184736.8554692
834085362.3422328
782062325.6352082
825287679.3967662
797941285.4543513
788021588.7034512
795652705.3179324
814130794.3666536
786772589.6948264
851547892.6230167
830319121.6860741
866950850.0579547
824267993.671777
963401209.8133045
851726076.0626923
856844708.9028952
910330106.7597061
901589298.3557396
872516795.7214042
909123716.9673843
865103519.4190676
887121437.7832764
984293612.7612649
1907172362.622589
1810865490.8661034
1783479784.5184352
1715519110.47553
1637500094.6850624
1624878606.8396592
1502566781.6898143
1557885922.1650622
1355830555.739083
1287649092.978253
1124540219.1662807
1054872322.9852701
1133917115.6418114
1017934242.9558107
994566884.756852
1101306610.4603448
1079388453.3613982
1023296098.6967454
1081481123.6566384
1005883394.4958781
1120705585.3021038
1018416352.0164486
1108782648.1665502
1078403492.0399551
1114948563.619569
1097851195.2045698
1130039617.2149515
1063267616.4217625
1130728610.3436232
1099156703.5004041
1104261504.548455
1145549051.0631928
1215301227.3536072
1127012022.326277
1207149350.504574
1228679742.3314698
1172927561.8501818
1165321213.7524083
1152902503.7993984
1137859506.095803
1243606564.1689923
1141878360.1608205
1142553196.9104197
1290343376.6547415
1294450021.4811337
1190798106.3360581
1212130650.778222
1299080874.7127733
1167986939.8057363
1206712328.4178102
1238118028.9940352
1164748913.5499496
1242853243.237957
1263564376.1716132
1289280895.9164648
1307506141.3576176
1315167436.4675133
1275601552.3713274
1361110051.8293135
1362843763.8320842
1360406426.5753725
1311958490.9560409
1233009448.255545
1242922998.4640799
1322061577.7519474
1303584412.355934
1346533547.712935
1361602096.4633307
1379301005.8122444
1438260101.9210434
1450117228.4721222
1401202553.396223
1446855373.0634828
1475576721.1344173
1435452174.3808987
1458928189.9094608
1403732677.0547123
1455819389.3294075
2548769388.7790427
2439933433.199992
2305474719.340628
1947646893.7143517
1734597262.9028327
1707636198.022368
1331837423.1994827
1438619147.5536659
1534455071.8786192
1423002634.1882741
1508020397.4440877
1433725739.0503397
1438219888.1855502
1627500233.1595235
1574673273.5882657
1564633947.3169737
1575896548.2743068
1613333395.3529282
1591664030.8918447
1429377145.7011132
1418874839.3687823
1540093231.4192588
1775919507.3044972
1487528950.5677218
1544794375.8913884
0
0
0
0
0
0
0
0
0
0
