0
0
200000000.0
200000000.0
200000000.0
200000000.0
200000000.0
200000000.0
200000000.0
200000000.0
200000000.0
200000000.0
200000000.0
200000000.0
200000000.0
200000000.0
200000000.0
200000000.0
200000000.0
347114934.5694923
200000000.0
200000000.0
200000000.0
200000000.0
200000000.0
200000000.0
200000000.0
200000000.0
200000000.0
200000000.0
200000000.0
200000000.0
606110299.1538669
217360485.6009058
200000000.0
200000000.0
200000000.0
200000000.0
200000000.0
200000000.0
200000000.0
200000000.0
200000000.0
200000000.0
200000000.0
200000000.0
200000000.0
200000000.0
200000000.0
1006016744.6393615
437446936.065906
200000000.0
200000000.0
200000000.0
200000000.0
200000000.0
200000000.0
200000000.0
200000000.0
200000000.0
200000000.0
200000000.0
200000000.0
200000000.0
200000000.0
200000000.0
200000000.0
1414625428.2624526
840953856.656918
322469611.2256833
200000000.0
200000000.0
200000000.0
200000000.0
1576332976.8244374
1002702066.1806848
438400515.3479933
200000000.0
200000000.0
200000000.0
2679262172.2549496
1740518477.9506295
801719628.9953502
217021650.150033
200000000.0
200000000.0
200000000.0
200000000.0
200000000.0
200000000.0
200000000.0
1969041182.8757582
1395410955.4838908
821744778.5655673
310839982.886485
2061363084.1741407
1487792249.7998877
2345363530.19025
2669284288.093958
1932680143.1484861
1028710057.5615784
423043098.839103
200000095.80461988
200000095.80443633
200000095.80425274
200000095.80278423
200000095.80370206
200000095.80416095
200000095.8074653
200000095.80461988
200000095.8051706
200000095.80370206
200000095.8051706
200000095.80489525
200000095.802876
200000095.80443633
200000095.80305958
200000095.80461988
200000095.80425274
200000095.80618027
200000095.80480346
2640124459.993736
2071549245.6253362
1503084634.0796773
934586967.6984718
388864288.40166163
200000094.71598464
200000094.7132037
200000094.7162538
200000094.71392134
200000094.71490812
200000094.71517727
2892103991.8449354
4165645187.6562796
3233707999.8619595
2301708784.3491507
3105915477.161501
2287630712.969345
1761820570.5238988
3398039102.54214
2472807335.4791594
1808083625.900871
1336619484.2025027
773065379.5434393
288096277.2658288
200000094.7147287
200000094.71616408
200000094.7155361
200000095.8040692
200000095.80700636
200000095.80434453
200000095.80636385
200000095.80480346
200000095.80608848
200000095.80333492
200000095.8040692
200000095.8051706
3493636396.158972
6676793050.3429
5485244585.14637
4293574265.2694163
3101952304.0780177
1910286402.0197911
917996209.5408801
255442414.33947316
200000095.80489525
200000095.80645564
200000095.8052624
200000095.8050788
200000095.80471167
200000095.80370206
3784909112.801772
3216355949.981976
5146106541.611168
4250135104.944726
5394532247.384249
4210114428.542045
3121382718.842728
2461335050.416617
1561195941.572792
1033812895.4337444
467852860.99892163
200000094.71652293
200000094.714639
200000094.7164332
200000094.7176892
200000094.71499783
3730726250.4384065
3167273938.7504807
2603495231.0799155
2040149724.5384812
1476553985.8802443
4065868301.7104583
5714313428.633266
5409689635.89045
6640122069.941171
5477266310.673206
4314417677.053824
3151437315.768295
2114148151.2581372
0
0
0
0
0
0
0
0
0
0
