0
0
200000000.0
200000000.0
200000000.0
200000000.0
200000000.0
200000000.0
200000000.0
226417742.62034693
200000000.0
200000000.0
200000000.0
200000000.0
270272707.6131063
200000000.0
200000000.0
200000000.0
200000000.0
200000000.0
200000000.0
200000000.0
200000000.0
200000000.0
200000000.0
200000000.0
443901014.30654716
200000000.0
200000000.0
200000000.0
200000000.0
200000000.0
200000000.0
200000000.0
200000000.0
200000000.0
200000000.0
200000000.0
200000000.0
200000000.0
200000000.0
200000000.0
200000000.0
200000000.0
200000000.0
200000000.0
858821533.9322385
359442780.51690924
205904901.5835704
926111059.1333109
415431816.80201447
211811635.5057962
211809248.3018512
211809392.14890575
211810426.98717928
211809644.08242303
211810857.88999996
211811358.40303767
211812629.86324158
211811614.94552863
211811833.72370467
211812478.10976103
211811654.72277603
211811982.89528963
211812010.6988519
211811913.28141445
211811333.20872965
211812456.16885713
211812057.1436269
211812863.9215462
211811694.5002913
211813003.16061905
211811913.28141445
211811754.16706657
1452388798.5838373
934329795.8051786
391285134.2423973
223622657.14059597
223620303.10352346
223620912.3253672
223623557.38306677
223623290.90051863
223622800.99852243
223620857.31003508
223619858.9107723
223625247.20924026
223625536.81582028
223623839.11485216
223620140.66743785
223620527.80245084
223618403.10636193
223621229.2017286
1837314641.3713124
1319279126.8376539
801246548.7695379
239280046.4062517
239279291.7183038
1954214460.6176946
1436128117.7306798
918062852.0696597
312006160.5268493
256998684.07648352
257000103.5561868
256993706.72054893
257000008.41913837
256986719.78528047
256997408.55429658
256993560.13056543
256995989.92724955
256997336.1442456
256997514.59920385
256993100.3127802
257000812.45711446
256992804.16848028
256982581.74724716
256993803.566317
256995729.03941694
256996820.92799267
256997928.909394
256992780.61922503
256995920.97896504
256998950.13432723
256999695.22616407
256996414.34028155
256997070.06583932
256997925.49286383
256997315.15259176
256992453.85637996
256994031.7079721
256997820.29791787
256993766.48043564
256994199.21365246
1196437114.7454476
678398047.4697475
265414240.91263077
265409574.93382546
265409645.87777892
265412605.8287477
265421530.13046318
265410614.92258847
265408487.3222266
265415190.47875637
265416747.70176053
265419377.3263543
265414286.49606615
265412864.7368944
265408519.62362513
3018072417.2861857
2500055597.6988206
1982008737.9745157
1463956526.6555922
916122343.7886577
289031892.5112669
289033165.7073002
289040377.3797767
289038394.8326435
289040164.00688696
3245746961.4903355
2727540479.126394
2209592739.3490105
1691487345.307984
1173462411.1288877
365221832.9084391
318560096.44932455
318572909.13331085
3436176251.8383403
4333430457.145356
3470525468.913377
2607386484.369612
1744417533.154149
659274813.7300951
368976906.58148533
368972955.1334563
368954235.7099198
368968388.5449099
3685037388.5243144
3166884794.3761554
2648836951.027356
2130916357.8306587
1612870636.047231
1018987717.1910832
398504226.91027635
398492136.12365323
398502051.7647534
398505668.2565007
398495315.11917
398511001.2140316
398478244.5804038
398508028.1572746
398501241.38836807
398510473.49632925
398490022.4454985
398502893.68709785
398510991.1851621
398488006.93737
398503259.43924004
398501375.7034273
398510800.23439234
398498557.406143
398477036.41338664
0
0
0
0
0
0
0
0
0
0
