285
280
278
280
290
262
271
268
271
287
270
257
254
281
266
257
267
265
281
229
259
270
292
252
273
247
283
284
254
249
247
294
282
256
287
273
278
269
307
281
267
254
261
264
260
288
249
268
272
277
239
267
270
232
308
237
253
267
259
278
251
250
260
291
243
247
252
247
277
262
286
225
284
255
248
265
280
254
264
259
285
279
249
268
237
242
245
246
256
252
242
236
263
233
233
231
260
214
240
239
241
243
241
219
232
235
268
250
251
236
240
246
233
245
232
238
229
257
245
267
240
247
235
251
246
217
259
226
230
246
222
224
237
273
246
229
218
230
208
239
262
235
230
230
237
233
221
257
225
253
243
247
219
220
242
243
228
238
212
231
210
228
213
233
246
233
230
226
214
233
206
203
222
224
228
237
261
228
209
236
230
203
225
235
209
207
228
200
237
203
249
228
197
229
212
207
204
215
216
234
0
0
0
0
0
0
0
0
0
0
