3465
3486
3533
3348
3404
3350
3352
3371
3217
3201
3140
3193
3215
3106
3098
2968
3048
2974
3006
2918
2958
2858
2953
2831
2825
2771
2681
2726
2687
2716
2587
2641
2655
2678
2561
2535
2459
2453
2471
2346
2415
2288
2277
2203
2115
2076
2121
2030
1920
1887
1881
1840
1822
1735
1668
1586
1575
1507
1451
1417
1348
1335
1302
1259
1197
1143
1110
1002
1008
1087
981
970
898
920
810
830
820
786
761
700
714
682
689
663
675
621
617
594
588
581
557
542
534
514
482
497
437
417
423
434
403
384
374
363
358
360
364
333
375
357
332
341
289
334
323
306
287
264
305
263
256
293
269
251
287
252
269
258
299
258
283
251
252
221
254
239
264
239
232
211
204
250
262
237
238
232
224
247
231
248
237
249
237
234
199
217
238
217
222
229
217
213
209
191
224
234
240
239
230
226
219
237
221
204
199
211
194
197
231
207
182
199
222
203
205
206
178
197
197
193
209
195
189
186
197
191
200
188
218
195
0
0
0
0
0
0
0
0
0
0
