1674
1597
1555
1542
1616
1609
1595
1550
1552
1538
1554
1522
1568
1508
1591
1523
1588
1568
1478
1480
1530
1476
1543
1504
1415
1438
1461
1458
1518
1500
1422
1474
1401
1437
1448
1520
1440
1511
1402
1444
1455
1472
1487
1434
1473
1420
1447
1472
1503
1436
1434
1429
1380
1434
1414
1448
1464
1450
1424
1440
1414
1461
1398
1408
1405
1416
1310
1371
1332
1299
1375
1453
1355
1337
1299
1278
1364
1362
1366
1286
1287
1318
1340
1329
1345
1314
1312
1259
1366
1264
1333
1330
1306
1221
1286
1220
1294
1274
1263
1250
1163
1250
1272
1211
1165
1179
1218
1165
1208
1185
1151
1150
1176
1115
1128
1048
1171
1152
1107
1133
1110
1128
1108
1199
1095
1074
1104
1040
1050
1072
1057
1018
1025
1080
1033
1031
1024
1029
1032
1051
979
1007
1049
981
989
984
969
949
1009
977
940
1005
971
966
1009
930
966
980
912
943
977
968
905
924
908
933
912
879
882
912
888
915
860
863
871
836
788
827
821
841
831
756
773
767
749
804
781
742
749
742
721
737
654
601
704
645
602
501
245
0
0
0
0
0
0
0
0
0
0
0
