3830
3727
3676
3476
3460
3359
3457
3454
3460
3331
3407
3216
3250
3215
2954
2963
3138
2994
3007
2906
3073
2884
2997
2915
2977
2776
2940
2843
2831
2863
2858
2858
2937
2816
2721
2686
2611
2715
2657
2692
2617
2550
2611
2605
2654
2611
2638
2599
2521
2598
2559
2546
2415
2366
2480
2531
2434
2413
2418
2398
2434
2321
2433
2409
2353
2440
2349
2156
2205
2212
2168
2175
2164
2138
2135
2125
2191
2067
2156
2031
1953
2029
1968
2014
2063
2077
2049
2144
2103
2111
2131
2060
2030
2069
2023
1957
1984
1997
2040
1942
1691
1697
1636
1716
1692
1707
1676
1598
1614
1705
1658
1682
1685
1665
1637
1582
1635
1583
1673
1566
1593
1548
1605
1548
1648
1592
1563
1580
1515
1573
1590
1566
1560
1571
1508
1561
1522
1629
1548
1540
1519
1497
1590
1460
1602
1560
1601
1501
1460
1592
1475
1571
1535
1491
1531
1458
1507
1468
1494
1540
1528
1527
1486
1500
1490
1527
1499
1581
1481
1504
1474
1468
1488
1478
1512
1467
1512
1456
1438
1440
1452
1469
1474
1411
1502
1468
1509
1467
1421
1518
1486
1511
1457
1426
1417
1423
1395
1333
1424
1516
0
0
0
0
0
0
0
0
0
0
