275
273
289
276
285
254
233
279
287
244
243
264
244
259
246
282
266
214
279
278
249
281
241
272
266
241
234
284
257
284
287
286
252
297
281
264
235
241
273
272
260
245
286
249
261
271
270
289
230
262
240
254
257
236
254
262
232
234
259
282
244
279
235
264
250
230
270
265
257
281
269
255
253
260
247
267
256
235
246
261
276
234
257
269
237
242
253
267
254
235
265
244
256
251
248
256
260
268
254
258
256
238
250
238
259
255
257
268
281
275
264
237
220
235
224
248
225
246
234
248
255
233
273
268
236
242
226
243
240
248
244
281
234
245
228
248
260
271
261
268
252
279
246
247
253
241
263
231
239
231
236
243
234
260
257
272
239
245
254
230
231
235
244
236
247
260
254
242
231
271
230
205
254
197
232
216
242
216
247
248
210
230
242
226
211
198
235
198
228
208
231
212
202
200
219
228
184
210
221
211
0
0
0
0
0
0
0
0
0
0
