19008000
36828000
54648000
72468000
90288000
108108000
125928000
143748000
161484000
179304000
197124000
214944000
232764000
250440000
268260000
286080000
303900000
321720000
339540000
357360000
375180000
393000000
410820000
428640000
446460000
463992000
481812000
499632000
517452000
535272000
553092000
570912000
588732000
606552000
624372000
642192000
660012000
677832000
695652000
713472000
731292000
749112000
766932000
784752000
802572000
820094000
837754160
855574160
873096160
890720320
908540320
926360320
944180320
962000320
979820320
997640320
1015460320
1033280320
1051100320
1068920320
1086740320
1104560320
1122380320
1140200320
1158020320
1175840320
1193660320
1211480320
1229300320
1247120320
1264940320
1282760320
1300580320
1318102320
1335624320
1353316640
1371136640
1388956640
1406776640
1424596640
1442416640
1460236640
1478056640
1495876640
1513696640
1531516640
1549336640
1567156640
1584976640
1602796640
1620616640
1638138640
1655660640
1673182640
1691002640
1708822640
1726344640
1743866640
1761388640
1779173120
1796993120
1814813120
1832633120
1850453120
1868273120
1886093120
1903913120
1921733120
1939553120
1957373120
1975193120
1993013120
2010833120
2028653120
2046473120
2064293120
2082113120
2099933120
2117753120
2135573120
2153393120
2171213120
2189033120
2206853120
2224673120
2242493120
2260313120
2278133120
2295953120
2313773120
2331593120
2349115120
2366637120
2384457120
2402277120
2420097120
2437917120
2455737120
2473557120
2491377120
2509197120
2527017120
2544837120
2562657120
2580477120
2598297120
2615819120
2633341120
2650863120
2668385120
2685937760
2703757760
2721577760
2739397760
2757217760
2775037760
2792559760
2810081760
2827603760
2845125760
2862647760
2880448560
2898268560
2916088560
2933610560
2950834560
2968058560
2985282560
3002506560
3020211360
3038031360
3055851360
3073671360
3091491360
3109013360
3126535360
3144057360
3161579360
3179101360
3196686160
3214506160
3232326160
3250146160
3267966160
3285786160
3303606160
3321426160
3339246160
3357066160
3374886160
3392706160
3410526160
3428346160
3446166160
3463986160
3481806160
3499626160
3517446160
3535266160
3553086160
0
0
0
0
0
0
0
0
0
0
