19008000
35333679
49704538
62180538
76211904
90373090
102776725
116769870
129097795
143023374
157144048
169457383
183428843
195806710
209807297
224035326
236563219
250605902
263132043
277133113
291297086
303762641
317776516
330240959
344243648
358421493
370882407
384941245
397501608
411567042
425803023
437850092
451858778
464311213
478322664
492231684
504641382
518633407
531063921
545045672
559196167
571606659
585598661
598029170
611761610
625823804
638216324
652254501
664726132
678758286
692616144
704853442
718577074
730899708
744933651
759115371
771580755
785313111
797698732
811732109
825915408
838382634
852403435
864862689
878897105
893080361
905547613
919574336
932019216
946016741
960173860
972616232
986609934
999015214
1013081698
1027298647
1039802692
1053862753
1066360929
1080415082
1094632209
1107136989
1121199690
1133734506
1147768266
1161963859
1174223896
1188007278
1200380512
1214451673
1228674626
1241261824
1255040789
1267406023
1281496058
1295730617
1308235946
1322344588
1334903797
1348688209
1362702149
1375189818
1389258317
1401740299
1415813646
1430049293
1442536932
1456605723
1469087672
1483160974
1497177258
1509654590
1523673636
1536142240
1550153817
1564324051
1576509175
1590291937
1602627634
1616682092
1630890934
1643373011
1657446883
1669943591
1683998048
1698206905
1710688989
1724762877
1737261989
1751316451
1765525307
1778011160
1792085058
1804585894
1818640324
1832849196
1845335066
1859420775
1871930500
1885997268
1900217507
1912792252
1926722775
1938941046
1952914077
1967156291
1979675481
1993778737
2006297829
2020362683
2034558756
2047054646
2061106971
2073590917
2087680341
2101927635
2114417031
2128529421
2141035444
2155140823
2169395063
2181883123
2195995589
2208501660
2222607009
2236861271
2249349354
2263461677
2275967746
2290073103
2304336702
2316828404
2330942441
2343452152
2357559389
2371818068
2384309840
2398423861
2410933591
2425040860
2439299512
2451810975
2465944749
2478560221
2492680425
2506945939
2519574362
2533701622
2546334778
2560382783
2574585057
2587155068
2601214958
2613770315
2627818575
2642017513
2654589301
2668649156
2681204622
2695252843
0
0
0
0
0
0
0
0
0
0
