19008000
34103769
48215617
61769465
75174846
88370646
101129504
113859346
126364173
138894050
151273896
163507716
175628562
187443427
199372267
211375559
223445888
235628722
247843063
260126874
272398700
284745509
297155341
309607157
322013020
334322899
346794770
359292585
371803430
384261306
396750095
409283911
421780413
434310255
446691070
459094189
471528001
484009815
496457562
508838396
521164183
533195956
545235737
557266466
569309578
581043027
592823223
604841721
616941395
629044220
641188981
653249280
665300090
677320399
689346887
701394564
713498527
725633346
737778180
749978999
762114621
774243561
786402702
798549493
810645095
822783257
834833768
846959620
859067989
871264779
883471846
895605914
907789523
919698453
931795040
943967235
956170054
968364353
980499324
992652470
1004821298
1017011114
1029191937
1041389203
1053579538
1065766375
1077938156
1090079967
1102219805
1114427625
1126628494
1138858729
1151108593
1163370404
1175636211
1187901092
1199816958
1211688506
1223529694
1235376155
1247180926
1258968069
1270811524
1282635473
1294471271
1306304184
1318170392
1330070051
1342145130
1354379234
1366583586
1378796145
1391001752
1403236559
1415504890
1427786781
1440053613
1452364966
1464640800
1476961664
1489340536
1501735352
1514179162
1526607017
1539052825
1551524670
1564028525
1576502849
1588973931
1601487274
1613980338
1626346479
1638781300
1651235650
1663660749
1676098577
1688648439
1701134757
1713635621
1726117462
1738681294
1751170161
1763773030
1776353864
1788961710
1801602545
1814179537
1826796240
1839426094
1852085961
1864739834
1877423715
1890113619
1902842444
1915601351
1928321176
1940815068
1953332979
1966031029
1978834923
1991650762
2004458641
2017297516
2030119372
2042935251
2055766127
2068587997
2081343877
2094012747
2106620586
2119235485
2131943388
2144729241
2157553131
2170112998
2182768910
2195466775
2208182659
2220895691
2233641598
2246429509
2259510568
2272705512
2285968418
2299279383
2312716290
2326246230
2339878161
2353588102
2367448040
2381403956
2395491895
2409747843
2424147802
2438649787
2453250718
2467992686
2482911689
2498232706
2514851323
0
0
0
0
0
0
0
0
0
0
