19008000
25883371
32194770
38518177
44841624
51153066
57488497
63859901
70159370
76458802
82782250
89093694
95393118
101692560
107991991
114291455
120590903
126890375
132879803
138869256
145092722
151380133
157667617
163955053
170242476
176529891
182829334
189128784
195428215
201727636
208027061
214374471
220745898
227117292
233500710
239944137
246387563
252830993
259274451
265717871
272161297
278604667
285072036
291515443
297970855
304438302
310905698
317373124
323828559
330295974
336775400
343266814
349794209
356321625
362849056
369376484
375903908
382443330
388982742
395522162
402061591
408600994
415140385
421679832
428219246
434758679
441250066
447777473
454304880
460832287
467359669
473887071
480414458
486929882
493445333
499960739
506476178
512991640
519507099
525414486
531321903
537487312
543692761
549898226
556103614
562309038
568430410
574479843
580517312
586784946
592786364
598787794
604801229
610814684
616816086
622829552
628533056
634248554
639963981
645751402
651514838
657386565
663424005
669461478
675709183
682020622
688332004
694643458
700954945
707266405
713577797
719889237
726200669
732512098
738823539
745134970
751434385
757733859
764033326
770332786
776322220
782311658
788301102
794290573
800280006
806269406
812258862
818248294
824237741
830243316
836518764
842520241
848541771
854853195
861164631
867166069
873167532
879168960
884884347
890587824
896291253
901982704
907698150
913485719
919487199
925488607
931490068
937503520
943516934
949530359
955543804
961557251
967703010
973990453
980277937
986565367
992852841
998830259
1004807688
1010785116
1016762574
1022739929
1028717356
1034694783
1040672224
1046649681
1052627066
1058604475
1064581943
1070559404
1076797045
1083048571
1088990013
1094955475
1100920923
1106886384
1112851837
1118817293
1124782751
1130748214
1136713673
1142679078
1148644509
1154609939
1160575354
1166668956
1172908407
1179147833
1185387282
1191626777
1197866205
1204105630
1210059027
1216012470
1221655951
1227299435
1232942845
1238586265
1244229705
1249873117
0
0
0
0
0
0
0
0
0
0
