19008000
36960000
54912000
72864000
90816000
108768000
126720000
144672000
162624000
180576000
198528000
216492000
234456000
252420000
270384000
288348000
306312000
324276000
342036000
360000000
377964000
395928000
413892000
431856000
449820000
467784000
485748000
503712000
521676000
539640000
557604000
575270000
593172000
611136000
629100000
647064000
665028000
682992000
700956000
718920000
736884000
754848000
772812000
790776000
808740000
826716000
844692000
862668000
880346000
898056000
916032000
934008000
951984000
969960000
987936000
1005912000
1023888000
1041864000
1059840000
1077816000
1095792000
1113768000
1131744000
1149720000
1167696000
1185672000
1203338000
1221004000
1238784000
1256748000
1274712000
1292676000
1310640000
1328306000
1345972000
1363668000
1381632000
1399596000
1417560000
1434928000
1452296000
1469664000
1487544000
1505508000
1523472000
1541436000
1559400000
1577364000
1595328000
1613292000
1630958000
1648624000
1666290000
1684080000
1701746000
1719412000
1736780000
1753926001
1771294001
1788714001
1806420001
1824384001
1842348001
1860312001
1878276001
1896240001
1914204001
1932168001
1950132001
1968096001
1986060001
2004024001
2021988001
2039952001
2057916001
2075880001
2093844001
2111808001
2129772001
2147736001
2165390001
2183044001
2200698001
2218352001
2236068001
2254020001
2271972001
2289924001
2307876001
2325828001
2343780001
2361434001
2378790001
2396146001
2413502001
2430548001
2447822001
2465382001
2482726001
2500070001
2517594001
2535236001
2552878001
2570676001
2588628001
2606580001
2624532001
2642496001
2660460001
2678424001
2696388001
2714352001
2732316001
2750280001
2768244001
2786208001
2803874001
2820944001
2838014001
2855084001
2872154001
2889224001
2906520001
2924316001
2942280001
2960244001
2978208001
2996172001
3014136001
3032100001
3049754001
3067408001
3084752001
3102108001
3119166001
3136224001
3153340001
3170696001
3188086001
3205740001
3223404001
3241356001
3259308001
3277260001
3295212001
3313164001
3330806001
3348448001
3366090001
3383732001
3401374001
3418706001
3435810002
3453142002
3470164002
3487186002
3504208002
3521230002
3538356002
3555768002
0
0
0
0
0
0
0
0
0
0
