0
0
1199726
2231453
2381388
2354363
2382903
2369837
2375871
2499844
2369882
2366917
2357927
2355837
2628877
2475859
2351902
2368400
2363861
2362885
2365424
2359426
2365339
2362372
2350421
2356374
2578259
2354402
2361412
2364363
2367395
2363384
2366429
2360395
2348462
2350801
2353053
2358406
2344393
2354396
2358440
2361427
2361390
2349378
2353426
2336405
2646640
2579273
2356010
2340061
2333909
2340899
2357949
2361362
2357405
2358412
2355745
2353215
2360387
2356063
2355717
2348393
2358898
2351878
2345261
2356201
2356243
2360612
2363176
2356062
2357592
2353579
2367620
2355706
2638683
2465818
2368239
2365915
2350593
2356047
2364528
2369888
2369897
2362890
2361889
2367368
2372862
2373920
2385874
2382899
2372899
2368907
2364888
2363346
2363373
2363416
2361396
2644303
2644326
2644681
2644649
2640332
2631944
2631934
2632571
2633574
2639628
2632613
2641235
2471926
2364644
2359880
2358928
2362142
2363928
2359938
2366372
2364420
2375389
2363877
2373856
2370890
2367921
2370939
2370927
2364858
2362870
2364869
2371865
2373888
2380155
2377153
2503837
2360179
2348156
2366164
2365398
2365387
2354426
2354883
2351878
2357883
2363883
2354919
2357894
2354942
2352954
2392768
2365042
2351878
2357860
2345933
2363891
2351907
2357941
2354845
2351869
2619809
2631812
2471144
2345174
2339189
2333130
2337909
2336888
2360878
2336907
2333904
2327880
2327955
2336918
2341862
2344949
2344939
2350891
2626906
2632844
2638875
2632839
2638781
2623845
2623843
2357732
2352925
2349870
2358923
2355895
2358908
2358900
2352886
2352940
2358936
2364844
2364896
2364903
2364889
2364868
2373880
2373874
2376910
0
0
0
0
0
0
0
0
0
0
