1050
1050
996
973
964
964
964
964
964
964
964
964
964
964
1003
1003
1003
1024
1024
1024
1024
1024
1024
1024
1024
1024
1024
1024
1024
1045
1012
1006
985
985
985
1025
1025
1004
1004
1004
1004
1004
1004
1004
1004
1004
1004
1004
1004
1004
1004
1004
1004
1043
1082
1061
1061
1061
1061
1061
1100
1079
1079
1069
1042
1042
1042
1042
1042
1042
1042
1042
1042
1042
1042
1042
1042
1042
1042
1021
1021
1021
1021
1021
1060
1060
1099
1083
1041
1060
1081
1081
1081
1081
1081
1060
1060
1060
1099
1099
1099
1099
1099
1099
1099
1088
1099
1078
1078
1078
1078
1099
1099
1099
1096
1081
1081
1063
1042
1021
1021
1021
1021
1021
1021
1021
1021
1021
1000
1000
982
982
982
982
1003
1003
1003
1003
1003
1003
1042
1042
1081
1081
1081
1081
1081
1081
1081
1099
1099
1099
1099
1099
1099
1099
1099
1099
1099
1099
1099
1060
1060
1060
1060
1060
1060
1018
1018
1018
1018
1018
997
1036
1036
1036
1036
1057
1036
1036
1036
1036
1036
1036
1036
1036
1036
1075
1075
1075
1075
1075
1075
1114
1114
1114
1114
1114
1114
1114
1114
1114
1114
1114
1114
1093
1093
1093
1093
1093
1093
1093
1093
1093
1132
1132
1132
1132
1098
1096
1096
1096
1096
1096
1096
1135
1135
1174
1174
1174
1174
1174
1174
1143
1134
1134
1113
1113
1113
1113
1113
1113
1113
1113
1113
1113
1113
1095
1095
1095
1095
1095
1095
1095
1095
1095
1095
1095
1095
1074
1074
1095
1095
1095
1134
1134
1134
1134
1134
1134
1134
1155
1155
1155
1155
1155
1155
1134
1134
1173
1169
1157
1157
1178
1178
1178
1157
1157
1136
1136
1115
1115
1115
1115
1115
1115
1115
1115
1115
1115
1115
1115
1115
1103
1097
1097
1097
1086
1079
1079
1074
1113
1113
1113
1113
1113
1134
1134
1134
1134
1134
1134
1134
1173
1173
1173
1173
1173
1191
1191
1184
1157
1173
1173
1207
1147
1147
1147
1147
1147
1147
1147
1147
1147
1147
1147
1147
1147
1147
1147
1147
1126
1165
1165
1165
1204
1204
1204
1204
1204
1165
1165
1165
1165
1165
1165
1165
1165
1165
1165
1165
1165
1204
1204
1201
1172
1186
1165
1165
1165
1165
1165
1165
1165
1165
1165
1165
1165
1165
1165
1165
1165
1165
1204
1204
1187
1170
1170
1209
1188
1266
1266
1266
1266
1227
1227
1227
1227
1206
1206
1206
1206
1206
1206
1206
1206
1206
1185
1170
1167
1167
1167
1167
1167
1167
1167
1167
1167
1167
1167
1167
1167
1167
1167
1167
1167
1167
1167
1167
1185
1185
1185
1224
1224
1224
1224
1224
1224
1224
1224
1224
1263
1231
1229
1229
1250
1250
1250
1250
1208
1247
1226
1226
1220
1208
1208
1187
1187
1187
1187
1187
1187
1187
1187
1187
1187
1187
1187
1187
1187
1187
1182
1231
1226
1226
1226
1260
1230
1221
1221
1221
1221
1221
1221
1221
1221
1221
1221
1221
1260
1260
1260
1260
1239
1239
1239
1239
1218
1251
1257
1257
1257
1291
1291
1291
1291
1291
1291
1291
1291
1273
1273
1273
1273
1333
1333
1333
1327
1333
1333
1333
1351
1351
1351
1351
1351
1330
1330
1330
1330
1330
1330
1330
1291
1291
1291
1291
1291
1270
1270
1270
1270
1309
1309
1309
1309
1309
1309
1309
1309
1309
1309
1309
1309
1309
1300
1291
1291
1291
1330
1330
1369
1369
1408
1393
1390
1351
1319
1317
1317
1296
1296
1335
1335
1335
1335
1335
1335
1314
1314
1314
1314
1314
1314
1314
1314
1314
1314
1275
1275
1275
1275
1275
1275
1266
1257
1257
1257
1257
1257
1257
1257
1257
1257
1296
1296
1296
1296
1296
1275
1275
1275
1275
1282
1280
1280
1319
1358
1358
1358
1358
1358
1337
1337
1316
1316
1316
1316
1316
1301
1298
1316
1316
1316
1316
1295
1295
1295
1295
1295
1295
1290
1290
1290
1329
1329
1329
1364
1334
1334
1334
1334
1334
1334
1334
1334
1347
1347
1347
1347
1347
1347
1326
1323
1308
1308
1290
1290
1290
1290
1290
1329
1290
1290
1290
1290
1237
1274
1274
1274
1308
1342
1420
1420
1420
1420
1420
1420
1459
1459
1459
1459
1459
1459
1427
1425
1425
1425
1425
1425
1471
1459
1459
1459
1459
1459
1459
1438
1417
1417
1417
1417
1417
1417
1417
1378
1346
1344
1344
1344
1344
1383
1383
1383
1383
1417
1417
1417
1417
1417
1456
1495
1495
1495
1495
1495
1495
1495
1456
1456
1456
1456
1495
1463
1461
1461
1429
1427
1461
1461
1461
1422
1416
1404
1443
1443
1443
1443
1443
1422
1422
1422
1390
1388
1388
1388
1422
1422
1422
1383
1383
1383
1383
1383
1383
1383
1383
1383
1383
1422
1422
1422
1422
1422
1390
1388
1388
1388
1466
1445
1445
1445
1445
1445
1484
1445
1406
1406
1406
1406
1406
1406
1406
1406
1406
1406
1406
1406
1406
1406
1406
1406
1440
1440
1398
1398
1398
1437
1437
1476
1437
1476
1453
1442
1442
1442
1442
1442
1442
1442
1442
1442
1421
1421
1421
1400
1434
1434
1434
1434
1434
1425
1416
1416
1416
1416
1377
1377
1377
1416
1416
1416
1404
1398
1437
1416
1416
1455
1423
1421
1455
1528
1528
1528
1528
1567
1567
1567
1567
1567
1567
1567
1567
1567
1567
1567
1567
1567
1528
1528
1525
1525
1525
1525
1525
1525
1525
1493
1491
1491
1491
1491
1491
1491
1491
1491
1491
1491
1452
1452
1491
1530
1569
1569
1603
1603
1603
1603
1603
1603
1564
1564
1564
1564
1564
1564
1564
1564
1564
1564
1564
1603
1603
1603
1571
1531
1519
1519
1519
1553
1553
1553
1530
1530
1530
1530
1566
1551
1551
1551
1530
1530
1516
1479
1477
1477
1477
1477
1511
1511
1472
1472
1454
1454
1493
1493
1493
1493
1461
1498
1537
1537
1537
1537
1537
1537
1537
1477
1477
1457
1457
1457
1457
1457
1457
1496
1496
1496
1496
1496
1496
1491
1491
1491
1491
1491
1491
1491
1530
1530
1569
1569
1569
1587
1587
1626
1605
1573
1571
1539
1537
1516
1550
1550
1511
1511
1511
1511
1511
1511
1511
1479
1477
1477
1490
1524
1563
1563
1563
1509
1506
1506
1506
1506
1506
1506
1506
1506
1506
1506
1506
1506
1506
1506
1524
1524
1554
1584
1584
1618
1586
1584
1618
1618
1618
1618
1618
1618
1618
1657
1657
1618
1618
1597
1597
1597
1597
1597
1597
1604
1581
1581
1581
1581
1581
1581
1581
1581
1581
1581
1581
1581
1581
1659
1659
1659
1659
1659
1659
1698
1659
1659
1659
1654
1654
1654
1654
1654
1654
1654
1648
1636
1636
1636
1636
1636
1636
1636
1636
1630
1620
1659
1659
1659
1659
1627
1593
1591
1591
1591
1641
1641
1641
1592
1565
1565
1565
1604
1604
1604
1604
1583
1583
1583
1551
1549
1549
1549
1549
1583
1583
1661
1661
1661
1661
1629
1627
1588
1588
1549
1540
1531
1531
1531
1531
1531
1531
1531
1529
1524
1524
1524
1524
1524
1524
1524
1563
1563
1563
1602
1641
1641
1641
1641
1641
1641
1641
1641
1641
1641
1680
1659
1627
1555
1552
1591
1591
1591
1625
1604
1572
1570
1570
1570
1604
1604
1586
1625
1586
1586
1586
1586
1588
1526
1526
1526
1560
1560
1560
1560
1560
1560
1560
1560
1560
1560
1560
1560
1599
1599
1599
1599
1599
1578
1578
1578
1617
1617
1617
1651
1690
1690
1690
1690
1651
1630
1630
1630
1630
1630
1630
1598
1596
1635
1635
1635
1635
1635
1674
1674
1621
1619
1619
1619
1619
1658
1697
1697
1697
1697
1697
1697
1697
1697
1697
1658
1658
1658
1731
1699
1697
1697
1692
1692
1692
1692
1692
1692
1692
1660
1658
1658
1658
1658
1658
1658
1658
1658
1658
1658
1697
1697
1697
1697
1660
1658
1658
1658
1626
1624
1624
1658
1658
1658
1619
1619
1619
1619
1619
1653
1621
1619
1634
1658
1658
1658
1658
1619
1619
1580
1580
1619
1619
1619
1619
1587
1585
1580
1580
1580
1580
1580
1580
1580
1580
1580
1580
1580
1580
1580
1658
1658
1658
1658
1658
1658
1658
1658
1697
1694
1679
1640
1608
1606
1645
1645
1645
1644
1645
1645
1645
1645
1622
1622
1590
1588
1627
1627
1627
1661
1661
1590
1588
1588
1588
1622
1656
1656
1656
1656
1656
1656
1546
1544
1544
1544
1544
1578
1578
1578
1578
1617
1617
1617
1617
1617
1617
1617
1611
1601
1601
1601
1601
1596
1596
1635
1557
1557
1591
1591
1591
1591
1591
1598
1596
1596
1596
1596
1596
1596
1596
1596
1596
1564
1562
1562
1601
1679
1679
1718
1697
1697
1697
1697
1697
1697
1697
1697
1658
1626
1658
1692
1692
1692
1692
1692
1692
1731
1731
1731
1699
1697
1697
1665
1658
1658
1658
1658
1658
1658
1658
1658
1658
1658
1658
1658
1658
1658
1658
1653
1692
1692
1692
1692
1660
1658
1658
1658
1658
1626
1624
1624
1658
1658
1697
1658
1658
1658
1653
1614
1653
1614
1575
1566
1541
1541
1541
1541
1541
1541
1541
1580
1580
1580
1580
1580
1580
1580
1580
1580
1580
1580
1658
1658
1658
1658
1658
1658
1658
1658
1658
1658
1619
1619
1619
1619
1619
1619
1619
1697
1697
1731
1731
1667
1663
1663
1663
1663
1697
1665
1663
1658
1658
1658
1658
1626
1624
1624
1624
1697
1731
1692
1660
1658
1619
1619
1619
1692
1692
1692
1692
1653
1653
1621
1658
1627
1585
1585
1585
1619
1619
1619
1619
1619
1619
1619
1580
1580
1541
1541
1541
1541
1570
1570
1570
1609
1609
1609
1609
1577
1575
1575
1575
1575
1575
1575
1543
1580
1580
1619
1619
1658
1658
1658
1658
1658
1697
1697
1697
1736
1658
1658
1626
1658
1658
1658
1658
1692
1692
1692
1660
1658
1658
1692
1692
1692
1731
1699
1697
1697
1697
1665
1663
1663
1663
1658
1658
1658
1658
1658
1658
1658
1658
1658
1653
1653
1653
1653
1653
1692
1692
1692
1692
1660
1658
1697
1658
1658
1658
1658
1658
1658
1619
1580
1580
1541
1541
1541
1536
1536
1536
1536
1575
1575
1575
1575
1542
1541
1541
1541
1541
1580
1580
1580
1619
1658
1658
1658
1658
1658
1658
1658
1658
1658
1658
1658
1658
1653
1653
1653
1653
1653
1653
1692
1692
1692
1692
1660
1658
1658
1658
1697
1697
1697
1697
1665
1663
1663
1663
1697
1658
1658
1658
1658
1692
1692
1692
1660
1658
1658
1692
1692
1692
1660
1658
1658
1658
1697
1697
1699
1658
1658
1658
1658
1658
1658
1619
1619
1580
1541
1541
1541
1541
1541
1541
1575
1575
1575
1575
1575
1575
1575
1570
1570
1609
1609
1609
1609
1577
1582
1580
1619
1619
1619
1619
1619
1619
1619
1619
1619
1658
1626
1624
1585
1585
1658
1658
1692
1692
1692
1653
1653
1692
1660
1658
1658
1697
1697
1692
1692
1692
1628
1624
1624
1624
1658
1697
1697
1697
1697
1671
1663
1665
1663
1663
1663
1663
1658
1653
1653
1653
1621
1619
1619
1619
1619
1658
1658
1658
1658
1658
1658
1658
1658
1658
1580
1580
1580
1580
1580
1580
1580
1580
1580
1580
1541
1541
1541
1541
1541
1541
1541
1541
1575
1575
1614
1614
1614
1614
1688
1658
1658
1697
1658
1658
1658
1658
1658
1658
1626
1624
1658
1658
1658
1658
1658
1658
1653
1692
1692
1692
1692
1660
1658
1658
1658
1658
1658
1658
1658
1658
1658
1658
1697
1697
1697
1697
1665
1697
1658
1692
1692
1692
1692
1692
1692
1692
1692
1692
1699
1697
1699
1697
1697
1697
1697
1736
1736
1697
1697
1580
1580
1580
1580
1580
1580
1580
1580
1614
1614
1614
1614
1614
1575
1575
1575
1575
1575
1609
1609
1609
1648
1648
1616
1653
1653
1653
1653
1621
1619
1619
1619
1619
1619
1619
1619
1580
1614
1614
1614
1614
1614
1614
1582
1658
1658
1658
1658
1692
1692
1692
1692
1692
1692
1692
1667
1663
1663
1663
1697
1658
1658
1626
1624
1624
1663
1663
1697
1697
1665
1663
1663
1663
1626
1624
1624
1663
1663
1663
1658
