1743
1826
1992
2241
2197
2009
1826
1992
2075
2136
2219
2136
2053
1992
2053
2241
2302
2175
1970
2075
2075
2031
2053
2075
2031
1970
1909
1887
1826
1992
1992
2031
1909
1970
1992
2053
1970
1887
1826
1992
2075
2136
2053
1970
1992
1992
1970
1909
1992
1992
2053
2158
2219
2219
2197
2158
2114
2075
2158
2385
2385
2341
2302
2241
2424
2241
2280
2241
2324
2407
2468
2468
2385
2468
2490
2529
2490
2612
2551
2424
2219
2407
2407
2424
2175
2053
2136
2053
2031
2075
2136
2031
1887
1992
2075
2031
2136
2158
2175
1970
1887
1826
1826
1992
2158
2114
1970
1909
2075
2075
2031
1992
2075
2136
2053
1970
2075
2158
2219
2136
2136
2324
2302
2175
2075
2241
2468
2385
2341
2158
2280
2241
2258
2158
2302
2197
2197
2075
2114
2158
2136
2114
1970
1970
1909
1887
1887
1826
2053
1992
1926
1826
1909
1887
1804
1743
2075
2158
2197
2053
1992
2075
2053
2136
2241
2280
2114
2136
2075
2053
1992
1970
2031
2075
2114
2053
1970
1970
2158
2241
2175
1970
1992
2158
2219
2197
2158
2219
2219
2197
2136
2158
2114
2136
2075
2114
2075
2136
2136
2158
