0
0
964752
1170102
1350928
1522853
1396451
1398452
1535210
1485098
1591708
1354765
1439519
1515356
1338673
1516186
1353723
1355728
1537344
1360588
1524731
1362115
1334355
1508399
1335038
1506623
1346086
1396320
1506145
1310203
1492740
1328702
1742459
1509464
1338069
1492357
1559326
1317986
1486475
1318137
1488390
1329301
1317627
1486540
1318248
1781717
1443300
1320745
1486621
1321959
1494987
1622837
1519252
1778411
1448026
1478270
1319613
1309532
1770303
1379720
1480248
1322207
1311544
1480189
1312344
1479298
1322244
1311528
1480130
1318256
1489330
1324819
1315229
1486179
1315358
1484837
1331791
1321168
1491815
1321927
1491466
1331644
1321311
1491598
1327838
1497144
1334644
1620934
1768595
1520760
1480663
1319551
1310097
1769897
1424607
1473847
1317251
1290588
1459623
1300054
1769934
1541298
1310194
1481486
1310002
1480495
1320914
1310210
1481128
1310046
1480483
1457651
1298017
1463349
1297368
1462027
1304640
1588670
1745469
1457780
1459216
1309565
1296989
1456982
1298763
1459280
1309540
1296979
1456980
1298744
1459210
1309555
1296943
1456988
1298744
1459289
1309561
1296991
1442964
1285663
1444955
1295973
1259806
1578942
1564759
1537096
1277124
1266331
1414139
1273992
1423984
1282536
1270607
1422860
1270484
1424395
1287909
1278740
1430824
1279800
1429048
1288045
1280296
1430755
1279719
1429035
1288008
1280218
1430833
1279694
1429002
1276080
1273443
1426320
1272798
1424427
1280951
1273421
1426387
1272809
1424384
1280935
1273069
1426948
1278625
1416042
1272444
1264040
1421852
1265188
1418914
1271625
1262126
1416852
1262743
1417342
1271106
1261350
1416847
1262747
0
0
0
0
0
0
0
0
0
0
