1560
1560
1560
1599
1599
1599
1599
1599
1599
1599
1599
1599
1599
1560
1560
1560
1560
1560
1560
1560
1599
1599
1599
1638
1638
1638
1599
1599
1599
1638
1638
1638
1599
1599
1599
1638
1638
1599
1599
1599
1599
1599
1599
1599
1599
1599
1599
1599
1599
1599
1599
1560
1560
1599
1677
1638
1638
1638
1638
1638
1638
1560
1560
1560
1560
1560
1560
1560
1560
1599
1560
1560
1560
1560
1560
1560
1560
1560
1560
1560
1599
1599
1599
1560
1560
1560
1560
1560
1521
1560
1560
1638
1638
1638
1638
1599
1599
1560
1560
1599
1599
1599
1599
1599
1599
1560
1599
1599
1599
1599
1599
1677
1677
1677
1677
1677
1677
1677
1638
1599
1599
1599
1599
1599
1560
1560
1560
1599
1560
1560
1560
1560
1560
1560
1599
1599
1599
1638
1638
1638
1677
1677
1716
1716
1716
1716
1716
1638
1677
1638
1638
1638
1638
1677
1677
1677
1677
1677
1638
1638
1638
1638
1677
1677
1677
1716
1716
1638
1599
1560
1560
1560
1521
1521
1521
1560
1560
1638
1599
1599
1599
1599
1599
1599
1599
1599
1599
1638
1638
1638
1638
1638
1638
1599
1599
1599
1599
1599
1599
1599
